32649 0
32650 0
32651 0
32654 0
32655 0
32656 0
32968 0
32969 0
32970 0
32971 0
32972 0
32973 0
32974 0
32975 0
32976 0
33288 0
33289 0
33290 0
33291 0
33292 0
33293 0
33294 0
33295 0
33296 0
33608 0
33609 0
33610 0
33611 0
33612 0
33613 0
33614 0
33615 0
33616 0
33927 0
33928 0
33929 0
33930 0
33931 0
33932 0
33933 0
33934 0
33935 0
33936 0
34247 0
34248 0
34249 0
34250 0
34251 0
34252 0
34253 0
34254 0
34255 0
34566 0
34567 0
34568 0
34569 0
34570 0
34571 0
34572 0
34573 0
34574 0
34575 0
34886 0
34887 0
34888 0
34889 0
34890 0
34891 0
34892 0
34893 0
34894 0
34895 0
35206 0
35207 0
35208 0
35209 0
35210 0
35211 0
35212 0
35213 0
35214 0
35525 0
35526 0
35527 0
35528 0
35529 0
35530 0
35531 0
35532 0
35533 0
35534 0
35845 0
35846 0
35847 0
35848 0
35849 0
35850 0
35851 0
35852 0
35853 0
35854 0
36164 0
36165 0
36166 0
36167 0
36168 0
36169 0
36170 0
36171 0
36172 0
36173 0
36483 0
36484 0
36485 0
36486 0
36487 0
36488 0
36489 0
36490 0
36491 0
36492 0
36493 0
36803 0
36804 0
36805 0
36806 0
36807 0
36808 0
36809 0
36810 0
36811 0
36812 0
37122 0
37123 0
37124 0
37125 0
37126 0
37127 0
37128 0
37129 0
37130 0
37131 0
37132 0
37442 0
37443 0
37444 0
37445 0
37446 0
37447 0
37448 0
37449 0
37450 0
37451 0
37761 0
37762 0
37763 0
37764 0
37765 0
37766 0
37767 0
37768 0
37769 0
37770 0
37771 0
53714 0
53715 0
53716 0
53717 0
53718 0
53719 0
53720 0
53721 0
53722 0
53723 0
54033 0
54034 0
54035 0
54036 0
54037 0
54038 0
54039 0
54040 0
54041 0
54042 0
54043 0
54353 0
54354 0
54355 0
54356 0
54357 0
54358 0
54359 0
54360 0
54361 0
54362 0
54672 0
54673 0
54674 0
54675 0
54676 0
54677 0
54678 0
54679 0
54680 0
54681 0
54682 0
54992 0
54993 0
54994 0
54995 0
54996 0
54997 0
54998 0
54999 0
55000 0
55001 0
55311 0
55312 0
55313 0
55314 0
55315 0
55316 0
55317 0
55318 0
55319 0
55320 0
55631 0
55632 0
55633 0
55634 0
55635 0
55636 0
55637 0
55638 0
55639 0
55640 0
55950 0
55951 0
55952 0
55953 0
55954 0
55955 0
55956 0
55957 0
55958 0
55959 0
56270 0
56271 0
56272 0
56273 0
56274 0
56275 0
56276 0
56277 0
56278 0
56279 0
56590 0
56591 0
56592 0
56593 0
56594 0
56595 0
56596 0
56597 0
56598 0
56909 0
56910 0
56911 0
56912 0
56913 0
56914 0
56915 0
56916 0
56917 0
56918 0
57229 0
57230 0
57231 0
57232 0
57233 0
57234 0
57235 0
57236 0
57237 0
57238 0
57549 0
57550 0
57551 0
57552 0
57553 0
57554 0
57555 0
57556 0
57557 0
57869 0
57870 0
57871 0
57872 0
57873 0
57874 0
57875 0
57876 0
57877 0
